Percent is  20
EDLIBTime: 0.606765
HirschbergsTime: 116.251389 :seconds EditDistance: 25305 
Percent is  40
EDLIBTime: 1.136451
HirschbergsTime: 116.221741 :seconds EditDistance: 45056 
Percent is  60
EDLIBTime: 1.307889
HirschbergsTime: 116.287064 :seconds EditDistance: 59935 
Percent is  80
EDLIBTime: 2.177816
HirschbergsTime: 116.531181 :seconds EditDistance: 69910 
